{
    "camera_angle_x": 1.5707963705062866,
    "frames": [
        {
            "file_path": "000.png",
            "transform_matrix": [
                [
                    1.0,
                    0.0,
                    0.0,
                    0.0
                ],
                [
                    0.0,
                    1.0,
                    -2.1855694143368964e-08,
                    -5.245366807571372e-08
                ],
                [
                    0.0,
                    2.1855694143368964e-08,
                    1.0,
                    1.2000000476837158
                ],
                [
                    0,
                    0,
                    0,
                    1
                ]
            ]
        },
        {
            "file_path": "001.png",
            "transform_matrix": [
                [
                    -1.0,
                    0.0,
                    0.0,
                    0.0
                ],
                [
                    0.0,
                    -0.2588191628456116,
                    0.9659257531166077,
                    1.1591110229492188
                ],
                [
                    0.0,
                    0.9659257531166077,
                    0.25881919264793396,
                    0.31058287620544434
                ],
                [
                    0,
                    0,
                    0,
                    1
                ]
            ]
        },
        {
            "file_path": "002.png",
            "transform_matrix": [
                [
                    -6.198155944048267e-08,
                    0.2588191330432892,
                    -0.9659258723258972,
                    -1.1591110229492188
                ],
                [
                    -1.0000001192092896,
                    -1.1329630922318756e-07,
                    -3.3437345337006263e-08,
                    -5.066635466732805e-08
                ],
                [
                    -3.3437345337006263e-08,
                    0.9659258723258972,
                    0.258819043636322,
                    0.31058287620544434
                ],
                [
                    0,
                    0,
                    0,
                    1
                ]
            ]
        },
        {
            "file_path": "003.png",
            "transform_matrix": [
                [
                    1.0,
                    -2.2626682749660176e-08,
                    8.444392562978464e-08,
                    1.013327093346561e-07
                ],
                [
                    8.742278367890322e-08,
                    0.258819043636322,
                    -0.9659258723258972,
                    -1.1591110229492188
                ],
                [
                    -2.7642418366622843e-15,
                    0.9659258723258972,
                    0.258819043636322,
                    0.31058287620544434
                ],
                [
                    0,
                    0,
                    0,
                    1
                ]
            ]
        },
        {
            "file_path": "004.png",
            "transform_matrix": [
                [
                    -6.198155944048267e-08,
                    -0.2588191628456116,
                    0.9659258723258972,
                    1.1591110229492188
                ],
                [
                    1.0000001192092896,
                    -6.198155944048267e-08,
                    0.0,
                    1.3822259781193225e-08
                ],
                [
                    0.0,
                    0.9659258723258972,
                    0.2588191032409668,
                    0.31058287620544434
                ],
                [
                    0,
                    0,
                    0,
                    1
                ]
            ]
        },
        {
            "file_path": "005.png",
            "transform_matrix": [
                [
                    -1.0000001192092896,
                    0.0,
                    0.0,
                    0.0
                ],
                [
                    0.0,
                    -0.05201007053256035,
                    0.9986466765403748,
                    1.198375940322876
                ],
                [
                    0.0,
                    0.9986466765403748,
                    0.05200989544391632,
                    0.06241195648908615
                ],
                [
                    0,
                    0,
                    0,
                    1
                ]
            ]
        },
        {
            "file_path": "006.png",
            "transform_matrix": [
                [
                    -1.000000238418579,
                    0.0,
                    0.0,
                    0.0
                ],
                [
                    0.0,
                    -1.3435885648505064e-07,
                    1.0000001192092896,
                    1.2000000476837158
                ],
                [
                    0.0,
                    1.0000001192092896,
                    -1.3435885648505064e-07,
                    0.0
                ],
                [
                    0,
                    0,
                    0,
                    1
                ]
            ]
        },
        {
            "file_path": "007.png",
            "transform_matrix": [
                [
                    -1.0000001192092896,
                    0.0,
                    0.0,
                    0.0
                ],
                [
                    0.0,
                    0.05225035175681114,
                    0.9986340403556824,
                    1.1983609199523926
                ],
                [
                    0.0,
                    0.9986340403556824,
                    -0.05225043743848801,
                    -0.06270050257444382
                ],
                [
                    0,
                    0,
                    0,
                    1
                ]
            ]
        },
        {
            "file_path": "008.png",
            "transform_matrix": [
                [
                    -0.9396927356719971,
                    0.09732074290513992,
                    -0.327881783246994,
                    -0.3934580981731415
                ],
                [
                    -0.3420201539993286,
                    -0.26738685369491577,
                    0.9008477330207825,
                    1.081017255783081
                ],
                [
                    -8.150466612732998e-08,
                    0.9586621522903442,
                    0.28454697132110596,
                    0.3414565324783325
                ],
                [
                    0,
                    0,
                    0,
                    1
                ]
            ]
        },
        {
            "file_path": "009.png",
            "transform_matrix": [
                [
                    -0.9396928548812866,
                    -1.6602618302385963e-07,
                    -0.34202006459236145,
                    -0.4104241728782654
                ],
                [
                    -0.34202006459236145,
                    -1.3115213448600116e-07,
                    0.9396927356719971,
                    1.1276311874389648
                ],
                [
                    -1.6602618302385963e-07,
                    1.0000001192092896,
                    -1.3115213448600116e-07,
                    0.0
                ],
                [
                    0,
                    0,
                    0,
                    1
                ]
            ]
        },
        {
            "file_path": "010.png",
            "transform_matrix": [
                [
                    -0.9396926164627075,
                    -0.1428854763507843,
                    -0.31074342131614685,
                    -0.37289223074913025
                ],
                [
                    -0.34202006459236145,
                    0.3925744891166687,
                    0.853760838508606,
                    1.0245130062103271
                ],
                [
                    -9.289433222647858e-08,
                    0.9085532426834106,
                    -0.41776901483535767,
                    -0.5013227462768555
                ],
                [
                    0,
                    0,
                    0,
                    1
                ]
            ]
        },
        {
            "file_path": "011.png",
            "transform_matrix": [
                [
                    -0.7660443782806396,
                    0.056308090686798096,
                    -0.6403166055679321,
                    -0.7683798670768738
                ],
                [
                    -0.6427876353263855,
                    -0.06710535287857056,
                    0.7630995512008667,
                    0.9157195687294006
                ],
                [
                    -1.3753991723319814e-08,
                    0.9961557388305664,
                    0.08759987354278564,
                    0.10511977970600128
                ],
                [
                    0,
                    0,
                    0,
                    1
                ]
            ]
        },
        {
            "file_path": "012.png",
            "transform_matrix": [
                [
                    -0.7660450339317322,
                    -5.03800450246672e-08,
                    -0.642787516117096,
                    -0.7713451385498047
                ],
                [
                    -0.642787516117096,
                    -3.339247882649943e-07,
                    0.7660447955131531,
                    0.9192533493041992
                ],
                [
                    -1.0804031091993238e-07,
                    1.000000238418579,
                    -1.7550443942582206e-07,
                    0.0
                ],
                [
                    0,
                    0,
                    0,
                    1
                ]
            ]
        },
        {
            "file_path": "013.png",
            "transform_matrix": [
                [
                    -0.766044557094574,
                    -0.2828100323677063,
                    -0.5772297978401184,
                    -0.6926760673522949
                ],
                [
                    -0.6427874565124512,
                    0.3370395600795746,
                    0.687916100025177,
                    0.8254992961883545
                ],
                [
                    -3.0124954264465487e-07,
                    0.8980104923248291,
                    -0.4399740397930145,
                    -0.5279686450958252
                ],
                [
                    0,
                    0,
                    0,
                    1
                ]
            ]
        },
        {
            "file_path": "014.png",
            "transform_matrix": [
                [
                    -0.4999999701976776,
                    0.3449646234512329,
                    -0.7943547368049622,
                    -0.9532256722450256
                ],
                [
                    -0.8660253882408142,
                    -0.19916541874408722,
                    0.4586208760738373,
                    0.5503450632095337
                ],
                [
                    -8.279609886585604e-09,
                    0.9172418117523193,
                    0.39833083748817444,
                    0.4779970943927765
                ],
                [
                    0,
                    0,
                    0,
                    1
                ]
            ]
        },
        {
            "file_path": "015.png",
            "transform_matrix": [
                [
                    -0.5000001192092896,
                    0.0,
                    -0.866025447845459,
                    -1.0392305850982666
                ],
                [
                    -0.866025447845459,
                    -4.6030518063844283e-08,
                    0.5000000596046448,
                    0.5999999642372131
                ],
                [
                    0.0,
                    1.0,
                    -4.6030518063844283e-08,
                    0.0
                ],
                [
                    0,
                    0,
                    0,
                    1
                ]
            ]
        },
        {
            "file_path": "016.png",
            "transform_matrix": [
                [
                    -0.5,
                    -0.08940310031175613,
                    -0.8613983988761902,
                    -1.0336780548095703
                ],
                [
                    -0.866025447845459,
                    0.051616791635751724,
                    0.4973285496234894,
                    0.5967942476272583
                ],
                [
                    -6.900499016637696e-08,
                    0.9946571588516235,
                    -0.10323379933834076,
                    -0.12388058006763458
                ],
                [
                    0,
                    0,
                    0,
                    1
                ]
            ]
        },
        {
            "file_path": "017.png",
            "transform_matrix": [
                [
                    -0.17364837229251862,
                    0.09703995287418365,
                    -0.9800152778625488,
                    -1.1760181188583374
                ],
                [
                    -0.9848079681396484,
                    -0.01711086928844452,
                    0.1728031039237976,
                    0.2073637694120407
                ],
                [
                    7.901410015165311e-08,
                    0.9951335787773132,
                    0.09853675216436386,
                    0.11824440211057663
                ],
                [
                    0,
                    0,
                    0,
                    1
                ]
            ]
        },
        {
            "file_path": "018.png",
            "transform_matrix": [
                [
                    -0.1736483871936798,
                    0.0,
                    -0.9848077893257141,
                    -1.1817693710327148
                ],
                [
                    -0.9848077893257141,
                    -5.746530007399997e-08,
                    0.17364832758903503,
                    0.2083778828382492
                ],
                [
                    0.0,
                    1.0,
                    -5.746530007399997e-08,
                    0.0
                ],
                [
                    0,
                    0,
                    0,
                    1
                ]
            ]
        },
        {
            "file_path": "019.png",
            "transform_matrix": [
                [
                    -0.17364834249019623,
                    -0.30129706859588623,
                    -0.9375854730606079,
                    -1.1251025199890137
                ],
                [
                    -0.9848078489303589,
                    0.053126730024814606,
                    0.1653216928243637,
                    0.19838598370552063
                ],
                [
                    -1.2254286474444598e-08,
                    0.9520492553710938,
                    -0.30594515800476074,
                    -0.3671339750289917
                ],
                [
                    0,
                    0,
                    0,
                    1
                ]
            ]
        },
        {
            "file_path": "020.png",
            "transform_matrix": [
                [
                    0.1736481487751007,
                    0.07092374563217163,
                    -0.9822505116462708,
                    -1.1787006855010986
                ],
                [
                    -0.9848077297210693,
                    0.012505749240517616,
                    -0.17319722473621368,
                    -0.20783674716949463
                ],
                [
                    -3.6880468456956805e-08,
                    0.9974033236503601,
                    0.07201787084341049,
                    0.08642140030860901
                ],
                [
                    0,
                    0,
                    0,
                    1
                ]
            ]
        },
        {
            "file_path": "021.png",
            "transform_matrix": [
                [
                    0.1736481636762619,
                    0.0,
                    -0.9848077297210693,
                    -1.1817693710327148
                ],
                [
                    -0.9848077297210693,
                    1.749719835686392e-08,
                    -0.1736481487751007,
                    -0.20837783813476562
                ],
                [
                    0.0,
                    1.0,
                    1.749719835686392e-08,
                    0.0
                ],
                [
                    0,
                    0,
                    0,
                    1
                ]
            ]
        },
        {
            "file_path": "022.png",
            "transform_matrix": [
                [
                    0.17364810407161713,
                    -0.3207472562789917,
                    -0.9311109185218811,
                    -1.1173330545425415
                ],
                [
                    -0.9848077893257141,
                    -0.05655639246106148,
                    -0.16417989134788513,
                    -0.19701598584651947
                ],
                [
                    -2.325558412508144e-08,
                    0.9454748034477234,
                    -0.32569530606269836,
                    -0.3908344805240631
                ],
                [
                    0,
                    0,
                    0,
                    1
                ]
            ]
        },
        {
            "file_path": "023.png",
            "transform_matrix": [
                [
                    0.4999999701976776,
                    0.10797279328107834,
                    -0.8592682480812073,
                    -1.031121850013733
                ],
                [
                    -0.866025447845459,
                    0.06233803182840347,
                    -0.49609872698783875,
                    -0.5953185558319092
                ],
                [
                    -6.082444059529735e-08,
                    0.9921975135803223,
                    0.1246761903166771,
                    0.14961138367652893
                ],
                [
                    0,
                    0,
                    0,
                    1
                ]
            ]
        },
        {
            "file_path": "024.png",
            "transform_matrix": [
                [
                    0.5,
                    0.0,
                    -0.866025447845459,
                    -1.039230465888977
                ],
                [
                    -0.866025447845459,
                    -4.6030518063844283e-08,
                    -0.5000000596046448,
                    -0.6000000834465027
                ],
                [
                    0.0,
                    1.0,
                    -4.6030518063844283e-08,
                    0.0
                ],
                [
                    0,
                    0,
                    0,
                    1
                ]
            ]
        },
        {
            "file_path": "025.png",
            "transform_matrix": [
                [
                    0.5000000596046448,
                    -0.3410286009311676,
                    -0.7960523962974548,
                    -0.9552628993988037
                ],
                [
                    -0.8660253882408142,
                    -0.19689305126667023,
                    -0.45960116386413574,
                    -0.551521360874176
                ],
                [
                    -2.5778110313012803e-08,
                    0.9192021489143372,
                    -0.3937859833240509,
                    -0.4725430905818939
                ],
                [
                    0,
                    0,
                    0,
                    1
                ]
            ]
        },
        {
            "file_path": "026.png",
            "transform_matrix": [
                [
                    0.7660444378852844,
                    0.041595131158828735,
                    -0.6414403319358826,
                    -0.7697284817695618
                ],
                [
                    -0.6427875757217407,
                    0.0495712086558342,
                    -0.764438807964325,
                    -0.9173266887664795
                ],
                [
                    2.4943140886080073e-09,
                    0.9979040026664734,
                    0.0647105947136879,
                    0.07765258848667145
                ],
                [
                    0,
                    0,
                    0,
                    1
                ]
            ]
        },
        {
            "file_path": "027.png",
            "transform_matrix": [
                [
                    0.7660443782806396,
                    0.0,
                    -0.642787754535675,
                    -0.7713451981544495
                ],
                [
                    -0.642787754535675,
                    -8.915945670651126e-08,
                    -0.7660444378852844,
                    -0.9192533493041992
                ],
                [
                    0.0,
                    1.0000001192092896,
                    -8.915945670651126e-08,
                    0.0
                ],
                [
                    0,
                    0,
                    0,
                    1
                ]
            ]
        },
        {
            "file_path": "028.png",
            "transform_matrix": [
                [
                    0.7660443186759949,
                    -0.14708451926708221,
                    -0.6257334351539612,
                    -0.7508799433708191
                ],
                [
                    -0.6427878141403198,
                    -0.17528873682022095,
                    -0.7457199096679688,
                    -0.8948637843132019
                ],
                [
                    -2.8541940366721974e-08,
                    0.9734683036804199,
                    -0.22882312536239624,
                    -0.2745874524116516
                ],
                [
                    0,
                    0,
                    0,
                    1
                ]
            ]
        },
        {
            "file_path": "029.png",
            "transform_matrix": [
                [
                    0.9396925568580627,
                    0.03428591787815094,
                    -0.34029749035835266,
                    -0.4083568751811981
                ],
                [
                    -0.34202033281326294,
                    0.09419957548379898,
                    -0.9349592328071594,
                    -1.1219509840011597
                ],
                [
                    -1.500123403275211e-08,
                    0.9949628710746765,
                    0.10024511069059372,
                    0.12029431015253067
                ],
                [
                    0,
                    0,
                    0,
                    1
                ]
            ]
        },
        {
            "file_path": "030.png",
            "transform_matrix": [
                [
                    0.9396926164627075,
                    0.0,
                    -0.342020183801651,
                    -0.41042426228523254
                ],
                [
                    -0.342020183801651,
                    3.4874037879717434e-08,
                    -0.9396925568580627,
                    -1.1276311874389648
                ],
                [
                    0.0,
                    0.9999999403953552,
                    3.4874037879717434e-08,
                    0.0
                ],
                [
                    0,
                    0,
                    0,
                    1
                ]
            ]
        },
        {
            "file_path": "031.png",
            "transform_matrix": [
                [
                    0.9396926164627075,
                    -0.16257581114768982,
                    -0.30091020464897156,
                    -0.3610922694206238
                ],
                [
                    -0.3420202434062958,
                    -0.44667327404022217,
                    -0.8267438411712646,
                    -0.9920925498008728
                ],
                [
                    3.4338448529069865e-08,
                    0.8798024654388428,
                    -0.4753398001194,
                    -0.5704076290130615
                ],
                [
                    0,
                    0,
                    0,
                    1
                ]
            ]
        },
        {
            "file_path": "032.png",
            "transform_matrix": [
                [
                    1.0,
                    -3.964603934036859e-08,
                    7.791619083263868e-08,
                    9.349943042025188e-08
                ],
                [
                    8.74227694680485e-08,
                    0.45349785685539246,
                    -0.8912574052810669,
                    -1.0695089101791382
                ],
                [
                    -3.574383746206581e-15,
                    0.8912574052810669,
                    0.45349785685539246,
                    0.5441975593566895
                ],
                [
                    0,
                    0,
                    0,
                    1
                ]
            ]
        },
        {
            "file_path": "033.png",
            "transform_matrix": [
                [
                    1.0,
                    0.0,
                    8.742279078433057e-08,
                    1.0490733615142744e-07
                ],
                [
                    8.742279078433057e-08,
                    -1.3435885648505064e-07,
                    -1.0000001192092896,
                    -1.2000000476837158
                ],
                [
                    0.0,
                    1.0000001192092896,
                    -1.3435885648505064e-07,
                    0.0
                ],
                [
                    0,
                    0,
                    0,
                    1
                ]
            ]
        },
        {
            "file_path": "034.png",
            "transform_matrix": [
                [
                    1.0,
                    4.326455993464151e-08,
                    7.596656814712333e-08,
                    9.115989740848818e-08
                ],
                [
                    8.742277657347586e-08,
                    -0.4948888421058655,
                    -0.8689563274383545,
                    -1.0427476167678833
                ],
                [
                    -6.378075507112524e-15,
                    0.8689563274383545,
                    -0.4948888421058655,
                    -0.5938666462898254
                ],
                [
                    0,
                    0,
                    0,
                    1
                ]
            ]
        },
        {
            "file_path": "035.png",
            "transform_matrix": [
                [
                    0.9396926164627075,
                    -0.07086066156625748,
                    0.3345990478992462,
                    0.40151894092559814
                ],
                [
                    0.3420201241970062,
                    0.1946881115436554,
                    -0.9193034172058105,
                    -1.1031641960144043
                ],
                [
                    -1.307305019793148e-08,
                    0.9783022403717041,
                    0.20718275010585785,
                    0.24861924350261688
                ],
                [
                    0,
                    0,
                    0,
                    1
                ]
            ]
        },
        {
            "file_path": "036.png",
            "transform_matrix": [
                [
                    0.9396926164627075,
                    -1.4637446810183974e-08,
                    0.3420201539993286,
                    0.41042420268058777
                ],
                [
                    0.3420201539993286,
                    4.5852122099176995e-08,
                    -0.9396926760673523,
                    -1.1276311874389648
                ],
                [
                    -1.4637446810183974e-08,
                    1.0,
                    4.5852122099176995e-08,
                    0.0
                ],
                [
                    0,
                    0,
                    0,
                    1
                ]
            ]
        },
        {
            "file_path": "037.png",
            "transform_matrix": [
                [
                    0.9396926164627075,
                    0.05226427689194679,
                    0.33800336718559265,
                    0.40560397505760193
                ],
                [
                    0.3420202136039734,
                    -0.14359508454799652,
                    -0.9286565184593201,
                    -1.1143877506256104
                ],
                [
                    2.280693145451096e-08,
                    0.9882556200027466,
                    -0.15281067788600922,
                    -0.18337267637252808
                ],
                [
                    0,
                    0,
                    0,
                    1
                ]
            ]
        },
        {
            "file_path": "038.png",
            "transform_matrix": [
                [
                    0.7660444378852844,
                    -0.024646475911140442,
                    0.6423149108886719,
                    0.7707779407501221
                ],
                [
                    0.6427875757217407,
                    0.029372429475188255,
                    -0.765481173992157,
                    -0.9185774326324463
                ],
                [
                    2.732793191739802e-08,
                    0.9992647171020508,
                    0.038343023508787155,
                    0.04601182043552399
                ],
                [
                    0,
                    0,
                    0,
                    1
                ]
            ]
        },
        {
            "file_path": "039.png",
            "transform_matrix": [
                [
                    0.7660444974899292,
                    0.0,
                    0.6427875757217407,
                    0.7713451385498047
                ],
                [
                    0.6427875757217407,
                    -3.1499173047677687e-08,
                    -0.7660444974899292,
                    -0.919253408908844
                ],
                [
                    0.0,
                    1.0,
                    -3.1499173047677687e-08,
                    0.0
                ],
                [
                    0,
                    0,
                    0,
                    1
                ]
            ]
        },
        {
            "file_path": "040.png",
            "transform_matrix": [
                [
                    0.7660443782806396,
                    0.005878755357116461,
                    0.6427608728408813,
                    0.7713128924369812
                ],
                [
                    0.642787754535675,
                    -0.007006194442510605,
                    -0.7660124897956848,
                    -0.9192149639129639
                ],
                [
                    -3.817575588982436e-09,
                    0.999958336353302,
                    -0.009145887568593025,
                    -0.010974875651299953
                ],
                [
                    0,
                    0,
                    0,
                    1
                ]
            ]
        }
    ]
}